Circular Orbit Position and Time Data
==================================================
LEO Satellite: 200km altitude circular orbit
Moon: Circular orbit at average Earth-Moon distance
Time intervals: 1 minute
Position defined by angle theta, with theta=0 at initial position

Time(min)  LEO_theta(deg) LEO_X(km)    LEO_Y(km)    Moon_theta(deg) Moon_X(km)     Moon_Y(km)    
----------------------------------------------------------------------------------------------------
0.0        0.000        6578.0       0.0          0.000000       384400.0       0.0           
1.0        4.068        6561.4       466.7        0.009107       384400.0       61.1          
2.0        8.136        6511.8       931.0        0.018214       384400.0       122.2         
3.0        12.205       6429.3       1390.6       0.027321       384400.0       183.3         
4.0        16.273       6314.5       1843.2       0.036427       384399.9       244.4         
5.0        20.341       6167.8       2286.6       0.045534       384399.9       305.5         
6.0        24.409       5990.0       2718.4       0.054641       384399.8       366.6         
7.0        28.477       5782.1       3136.5       0.063748       384399.8       427.7         
8.0        32.546       5545.0       3538.8       0.072855       384399.7       488.8         
9.0        36.614       5280.0       3923.2       0.081962       384399.6       549.9         
10.0       40.682       4988.4       4287.9       0.091068       384399.5       611.0         
11.0       44.750       4671.6       4631.0       0.100175       384399.4       672.1         
12.0       48.818       4331.3       4950.8       0.109282       384399.3       733.2         
13.0       52.887       3969.1       5245.6       0.118389       384399.2       794.3         
14.0       56.955       3587.0       5513.9       0.127496       384399.0       855.4         
15.0       61.023       3186.8       5754.5       0.136603       384398.9       916.5         
16.0       65.091       2770.5       5966.1       0.145709       384398.8       977.6         
17.0       69.159       2340.3       6147.6       0.154816       384398.6       1038.7        
18.0       73.228       1898.2       6298.2       0.163923       384398.4       1099.8        
19.0       77.296       1446.6       6417.0       0.173030       384398.2       1160.9        
20.0       81.364       987.7        6503.4       0.182137       384398.1       1222.0        
21.0       85.432       523.9        6557.1       0.191244       384397.9       1283.1        
22.0       89.500       57.4         6577.7       0.200350       384397.6       1344.2        
23.0       93.569       -409.4       6565.2       0.209457       384397.4       1405.3        
24.0       97.637       -874.2       6519.7       0.218564       384397.2       1466.4        
25.0       101.705      -1334.5      6441.2       0.227671       384397.0       1527.5        
26.0       105.773      -1788.1      6330.3       0.236778       384396.7       1588.5        
27.0       109.841      -2232.7      6187.5       0.245885       384396.5       1649.6        
28.0       113.910      -2666.0      6013.5       0.254992       384396.2       1710.7        
29.0       117.978      -3085.9      5809.2       0.264098       384395.9       1771.8        
30.0       122.046      -3490.3      5575.7       0.273205       384395.6       1832.9        
31.0       126.114      -3877.0      5314.0       0.282312       384395.3       1894.0        
32.0       130.182      -4244.3      5025.6       0.291419       384395.0       1955.1        
33.0       134.250      -4590.1      4711.8       0.300526       384394.7       2016.2        
34.0       138.319      -4912.8      4374.3       0.309633       384394.4       2077.3        
35.0       142.387      -5210.8      4014.7       0.318739       384394.1       2138.4        
36.0       146.455      -5482.5      3634.9       0.327846       384393.7       2199.5        
37.0       150.523      -5726.5      3236.8       0.336953       384393.4       2260.6        
38.0       154.591      -5941.7      2822.4       0.346060       384393.0       2321.7        
39.0       158.660      -6127.0      2393.8       0.355167       384392.6       2382.8        
40.0       162.728      -6281.4      1953.1       0.364274       384392.2       2443.9        
41.0       166.796      -6404.1      1502.5       0.373380       384391.8       2505.0        
42.0       170.864      -6494.6      1044.4       0.382487       384391.4       2566.1        
43.0       174.932      -6552.3      581.0        0.391594       384391.0       2627.2        
44.0       179.001      -6577.0      114.7        0.400701       384390.6       2688.3        
45.0       183.069      -6568.6      -352.2       0.409808       384390.2       2749.4        
46.0       187.137      -6527.0      -817.3       0.418915       384389.7       2810.5        
47.0       191.205      -6452.6      -1278.3      0.428021       384389.3       2871.6        
48.0       195.273      -6345.7      -1732.8      0.437128       384388.8       2932.7        
49.0       199.342      -6206.7      -2178.6      0.446235       384388.3       2993.8        
50.0       203.410      -6036.5      -2613.5      0.455342       384387.9       3054.9        
51.0       207.478      -5835.9      -3035.1      0.464449       384387.4       3116.0        
52.0       211.546      -5605.9      -3441.5      0.473556       384386.9       3177.1        
53.0       215.614      -5347.6      -3830.6      0.482663       384386.4       3238.2        
54.0       219.683      -5062.4      -4200.3      0.491769       384385.8       3299.3        
55.0       223.751      -4751.6      -4548.8      0.500876       384385.3       3360.4        
56.0       227.819      -4417.0      -4874.5      0.509983       384384.8       3421.5        
57.0       231.887      -4060.0      -5175.6      0.519090       384384.2       3482.6        
58.0       235.955      -3682.6      -5450.5      0.528197       384383.7       3543.6        
59.0       240.024      -3286.7      -5698.1      0.537304       384383.1       3604.7        
60.0       244.092      -2874.1      -5916.9      0.546410       384382.5       3665.8        
61.0       248.160      -2447.1      -6105.9      0.555517       384381.9       3726.9        
62.0       252.228      -2007.8      -6264.1      0.564624       384381.3       3788.0        
63.0       256.296      -1558.3      -6390.8      0.573731       384380.7       3849.1        
64.0       260.365      -1101.0      -6485.2      0.582838       384380.1       3910.2        
65.0       264.433      -638.2       -6547.0      0.591945       384379.5       3971.3        
66.0       268.501      -172.1       -6575.7      0.601051       384378.8       4032.4        
67.0       272.569      294.9        -6571.4      0.610158       384378.2       4093.5        
68.0       276.637      760.3        -6533.9      0.619265       384377.5       4154.6        
69.0       280.706      1221.9       -6463.5      0.628372       384376.9       4215.7        
70.0       284.774      1677.4       -6360.5      0.637479       384376.2       4276.8        
71.0       288.842      2124.4       -6225.5      0.646586       384375.5       4337.9        
72.0       292.910      2560.7       -6059.1      0.655692       384374.8       4399.0        
73.0       296.978      2984.1       -5862.2      0.664799       384374.1       4460.1        
74.0       301.047      3392.5       -5635.7      0.673906       384373.4       4521.2        
75.0       305.115      3783.8       -5380.8      0.683013       384372.7       4582.3        
76.0       309.183      4156.0       -5098.8      0.692120       384372.0       4643.4        
77.0       313.251      4507.2       -4791.1      0.701227       384371.2       4704.4        
78.0       317.319      4835.8       -4459.3      0.710334       384370.5       4765.5        
79.0       321.388      5140.0       -4105.0      0.719440       384369.7       4826.6        
80.0       325.456      5418.2       -3730.0      0.728547       384368.9       4887.7        
81.0       329.524      5669.2       -3336.2      0.737654       384368.1       4948.8        
82.0       333.592      5891.6       -2925.6      0.746761       384367.4       5009.9        
83.0       337.660      6084.3       -2500.3      0.755868       384366.6       5071.0        
84.0       341.729      6246.3       -2062.3      0.764975       384365.7       5132.1        
85.0       345.797      6376.9       -1614.0      0.774081       384364.9       5193.2        
86.0       349.865      6475.4       -1157.5      0.783188       384364.1       5254.3        
87.0       353.933      6541.2       -695.2       0.792295       384363.2       5315.4        
88.0       358.001      6574.0       -229.4       0.801402       384362.4       5376.5        
89.0       2.070        6573.7       237.5        0.810509       384361.5       5437.6        
